[0.]
[1.]
[1.]
[1.]
[1.]
[1.]
[1.]
[1.]
[1.]
[0.]
[1.]
[0.]
[1.]
[1.]
[1.]
[1.]
[0.]
[1.]
[0.]
[0.]
[1.]
[1.]
[0.]
[0.]
[1.]
[0.]
[0.]
[0.]
[0.]
[0.]
[0.]
[0.]
[1.]
[1.]
[1.]
[1.]
[1.]
[1.]
[1.]
[0.]
[1.]
[1.]
[0.]
[1.]
[0.]
[0.]
[0.]
[0.]
[1.]
[1.]

validation data:
 [[ 0.78005154 -0.22343745]
 [-0.70833393  0.60033408]
 [-0.15592518 -0.15851221]
 [ 0.12396019 -0.0429904 ]
 [-0.33003013  0.17938201]
 [-0.82445685 -0.91772977]
 [-0.2375359  -0.49706115]
 [-0.22732949 -0.46491348]
 [ 0.48606111  0.69597854]
 [-0.07736999  0.9625554 ]
 [-0.26642614  0.15278959]
 [ 0.07387854  0.98379614]
 [-0.47358775  0.60317054]
 [-0.14313862  0.45442359]
 [-0.1997941   0.36858565]
 [-0.25382814  0.32176343]
 [ 0.01738712 -0.83599902]
 [-0.65098464  0.3976912 ]
 [-0.29071449 -0.93241649]
 [-0.61048058  0.06886063]
 [-0.56950197 -0.73846008]
 [-0.92191229 -0.90435349]
 [-0.56487922 -0.14281443]
 [-0.80839824  0.26705269]
 [-0.17326331  0.20334719]
 [ 0.14645147  0.85259289]
 [ 0.30107057  0.74197677]
 [-0.47958935 -0.8774852 ]
 [-0.5061315  -0.9142541 ]
 [-0.52698653 -0.03421029]
 [ 0.07845594 -0.56447141]
 [ 0.81679917  0.16923187]
 [ 0.18840614  0.09150706]
 [-0.62677809 -0.43558423]
 [ 0.16096772  0.2694356 ]
 [ 0.30003573  0.38592066]
 [ 0.17868852 -0.24265401]
 [ 0.59764102  0.57879258]
 [ 0.39771931 -0.10724814]
 [-0.81716122 -0.01135661]
 [ 0.35015658 -0.35105881]
 [-0.8633628  -0.96879209]
 [ 0.38017685  0.82086674]
 [ 0.65991421  0.61854633]
 [-0.59348615 -0.0603734 ]
 [ 0.61766676 -0.15705319]
 [ 0.0191917  -0.8153412 ]
 [-0.59634511  0.01175224]
 [-0.52677853 -0.2557863 ]
 [-0.27470506  0.31795391]]

predictions:
 [[0]
 [1]
 [1]
 [1]
 [1]
 [1]
 [1]
 [1]
 [1]
 [0]
 [1]
 [0]
 [1]
 [0]
 [1]
 [1]
 [0]
 [1]
 [0]
 [0]
 [1]
 [1]
 [0]
 [0]
 [1]
 [0]
 [0]
 [1]
 [1]
 [0]
 [0]
 [0]
 [1]
 [1]
 [1]
 [1]
 [1]
 [1]
 [1]
 [0]
 [1]
 [1]
 [0]
 [1]
 [0]
 [0]
 [0]
 [0]
 [1]
 [1]]
